0	0	1
0	99	1
0	111	1
0	381	1
0	415	1
0	514	1
0	585	1
0	690	1
0	691	1
0	783	1
0	784	1
0	954	1
1	153	1
1	732	1
1	1937	1
2177	2903	1
1011	1034	1
1011	2028	1
1011	2029	1
2179	2200	1
2	962	1
1012	2181	1
1012	2031	1
1013	1417	1
1013	1427	1
1013	1545	1
1013	2024	1
1014	1059	1
1014	1365	1
1014	1378	1
1015	1236	1
1015	1439	1
1015	1440	1
1015	2093	1
2183	2677	1
2183	845	1
2183	3156	1
1016	2138	1
3	634	1
2184	2306	1
2184	2356	1
2185	2539	1
1017	1264	1
1017	1549	1
1017	591	1
1018	1524	1
4	588	1
2186	3139	1
1019	609	1
1019	2064	1
2187	2666	1
5	36	1
5	63	1
5	97	1
5	603	1
5	949	1
1021	1176	1
6	64	1
6	682	1
1022	1907	1
1023	1875	1
2188	3300	1
1024	1527	1
2189	2303	1
2189	2634	1
2190	3145	1
8	868	1
8	1986	1
1029	1100	1
1029	1109	1
1029	1248	1
2192	2488	1
1030	1244	1
1031	1487	1
1031	1488	1
1031	1645	1
1031	1872	1
1032	2117	1
9	158	1
9	202	1
9	260	1
9	559	1
9	820	1
9	970	1
11	387	1
11	945	1
1033	1759	1
1033	2014	1
1033	2015	1
1034	1665	1
1034	1666	1
1035	1491	1
1036	1485	1
1037	1042	1
1037	1309	1
1037	1679	1
2195	2195	1
2195	2209	1
2196	55	1
2196	3279	1
2197	2504	1
2198	2198	1
2199	3025	1
1038	1107	1
1038	1174	1
1038	1404	1
1038	1536	1
1038	1636	1
1038	1682	1
1038	1769	1
1039	1212	1
1040	1076	1
1040	1078	1
1040	1309	1
1040	1679	1
1041	2036	1
2201	2201	1
2202	2460	1
2202	779	1
2202	828	1
2202	3162	1
1042	1037	1
1042	1679	1
2203	2911	1
1043	1138	1
1043	1828	1
1043	1893	1
1043	2139	1
1043	2165	1
2205	2899	1
2205	2900	1
1044	1274	1
1045	1453	1
1045	1704	1
1045	1705	1
1045	1944	1
1045	1954	1
1045	1955	1
1045	1980	1
1045	2002	1
1046	1286	1
1046	1302	1
1046	1521	1
1046	1532	1
1046	1891	1
1046	1902	1
1046	2024	1
1047	1127	1
1047	1442	1
1047	1613	1
1047	1636	1
1047	1679	1
1047	1776	1
2206	2675	1
2206	3099	1
1048	1028	1
2207	2632	1
2207	2855	1
1049	1049	1
1050	1168	1
1050	1254	1
12	508	1
12	1741	1
12	777	1
1051	1253	1
1051	2121	1
2210	2275	1
2210	1707	1
1054	1491	1
1055	1961	1
1055	1962	1
1055	1963	1
13	250	1
14	868	1
2211	2326	1
1056	1056	1
1056	1161	1
2212	2423	1
2212	2474	1
2212	3132	1
1057	1254	1
16	145	1
2213	2244	1
2213	3258	1
1058	1236	1
1058	2024	1
2214	2845	1
2214	976	1
1059	1014	1
1059	1365	1
1059	1378	1
18	59	1
20	6	1
2217	3037	1
1060	1123	1
2218	3194	1
21	1678	1
21	680	1
22	118	1
22	303	1
22	335	1
22	455	1
22	469	1
22	599	1
22	668	1
22	899	1
2219	2391	1
2220	2220	1
2221	2513	1
2221	2665	1
2221	3115	1
23	309	1
23	704	1
24	127	1
24	392	1
24	406	1
24	685	1
24	947	1
24	952	1
1061	1943	1
1063	1229	1
1063	1707	1
2222	2567	1
1064	1811	1
25	69	1
25	357	1
25	655	1
25	683	1
25	888	1
2224	2779	1
2224	2780	1
27	393	1
1065	1093	1
2225	2398	1
2226	2341	1
1066	1171	1
1066	1961	1
1066	1962	1
1066	1963	1
2228	3299	1
1067	1236	1
1067	1251	1
2229	2597	1
2231	2231	1
1068	1209	1
1068	235	1
1068	1515	1
1068	592	1
1068	1718	1
1068	2115	1
2232	2540	1
2232	3033	1
2232	3203	1
2233	2698	1
2233	3158	1
2235	2235	1
2235	2992	1
1070	1236	1
1071	1744	1
28	48	1
28	54	1
28	105	1
28	106	1
28	153	1
28	633	1
28	987	1
2236	2193	1
30	1203	1
30	1239	1
30	1282	1
30	1650	1
30	1788	1
30	1991	1
30	2064	1
30	2149	1
1073	1075	1
29	740	1
29	793	1
29	818	1
29	859	1
31	2202	1
31	1282	1
31	1357	1
31	297	1
31	1489	1
31	2665	1
31	2774	1
31	2812	1
31	1740	1
31	646	1
31	732	1
31	3028	1
31	779	1
31	882	1
31	2082	1
1075	1169	1
1076	1078	1
1077	1527	1
1078	1190	1
1078	1600	1
32	592	1
32	665	1
32	686	1
32	687	1
32	697	1
32	845	1
1079	1227	1
1079	1245	1
1079	1651	1
1079	1742	1
1079	1823	1
1079	1931	1
2241	2691	1
1080	1189	1
1080	1195	1
1080	1583	1
1081	1141	1
1081	1950	1
2242	2665	1
33	260	1
2243	2324	1
2243	3074	1
1083	1083	1
1083	1196	1
1083	1390	1
1083	1439	1
1083	1440	1
1083	1912	1
1083	1939	1
1083	2093	1
34	180	1
34	366	1
34	1587	1
34	573	1
34	697	1
34	828	1
34	829	1
2245	2310	1
2245	2390	1
2245	2483	1
1084	2158	1
1086	1480	1
1088	1236	1
35	92	1
35	500	1
1090	1107	1
1090	1174	1
1090	1404	1
1090	1608	1
2246	2246	1
2246	3034	1
1092	2009	1
37	1267	1
37	182	1
37	2464	1
37	310	1
37	444	1
37	1724	1
37	828	1
1093	2026	1
2248	2746	1
1094	1317	1
1094	1676	1
39	1010	1
40	146	1
40	148	1
40	177	1
40	411	1
40	480	1
40	621	1
40	625	1
1096	1490	1
1098	133	1
41	418	1
41	2773	1
2249	2249	1
1100	1579	1
1100	1723	1
2250	2904	1
1101	1118	1
1101	1441	1
1101	1609	1
1101	1840	1
1101	1864	1
1101	2132	1
1101	2133	1
1101	2170	1
1101	2171	1
1102	1673	1
1102	1958	1
2252	3310	1
44	632	1
44	868	1
1103	2103	1
45	733	1
45	751	1
2256	2256	1
2256	2871	1
2257	3021	1
2258	2476	1
2258	2737	1
1106	1132	1
1106	1339	1
2259	2427	1
2259	2442	1
2259	2744	1
1107	1200	1
1107	1404	1
1107	1425	1
1108	1317	1
1108	1676	1
2261	2306	1
2261	2356	1
2262	2412	1
2263	2951	1
2263	1813	1
2263	2959	1
2264	2223	1
2265	2204	1
47	213	1
47	778	1
48	106	1
1113	1395	1
1114	1187	1
1114	2058	1
1114	2059	1
1114	2104	1
51	355	1
51	356	1
51	438	1
51	470	1
51	481	1
51	516	1
51	597	1
2273	2273	1
1116	1893	1
1116	2139	1
53	161	1
53	309	1
2274	3127	1
2274	2044	1
1119	1119	1
1119	2036	1
1120	1210	1
1120	1256	1
1120	1604	1
1120	1606	1
1120	1818	1
55	3279	1
55	971	1
56	1824	1
56	3291	1
57	1127	1
57	1253	1
57	157	1
57	1536	1
57	1608	1
57	1636	1
57	1682	1
57	1769	1
57	1981	1
58	180	1
58	302	1
58	697	1
2276	626	1
60	443	1
60	586	1
1121	1674	1
1121	2113	1
2277	3029	1
2278	1198	1
2278	1469	1
2278	686	1
2278	3040	1
61	944	1
62	802	1
2281	2198	1
1125	1250	1
1125	1286	1
1125	1302	1
1125	1891	1
1128	1588	1
1129	1937	1
1129	1969	1
1131	1885	1
2282	1518	1
63	949	1
64	91	1
64	210	1
64	239	1
64	569	1
65	152	1
67	54	1
67	105	1
67	176	1
1134	1422	1
1135	1747	1
1136	1494	1
1137	1964	1
2285	2285	1
2285	2616	1
69	355	1
69	356	1
69	516	1
1138	1801	1
1138	2168	1
70	750	1
2288	2311	1
71	190	1
71	939	1
77	813	1
1141	1248	1
1143	1980	1
1143	2103	1
2296	2763	1
1145	1139	1
78	534	1
78	732	1
2298	3023	1
2299	2253	1
2299	2259	1
2302	2284	1
2302	2506	1
1147	1874	1
1147	1952	1
79	1019	1
79	37	1
79	103	1
79	2460	1
79	278	1
79	2677	1
79	460	1
79	1724	1
79	828	1
79	3162	1
2305	2905	1
2306	2306	1
2306	2356	1
1148	1403	1
1148	1551	1
1148	1687	1
1148	710	1
1150	1236	1
1150	1262	1
1150	1294	1
1150	421	1
1150	1506	1
1150	1508	1
1150	1659	1
1150	2118	1
1151	1301	1
1151	1960	1
2312	3148	1
2312	3149	1
84	743	1
1152	2949	1
85	366	1
85	619	1
85	697	1
1153	1329	1
1153	1342	1
1153	1629	1
1154	1117	1
1154	1135	1
1155	1213	1
86	26	1
86	262	1
86	272	1
86	460	1
86	461	1
86	585	1
86	626	1
86	769	1
86	797	1
86	1006	1
2314	3282	1
2316	2406	1
1158	1214	1
1158	1461	1
1158	1571	1
87	87	1
87	597	1
2317	2457	1
88	152	1
88	154	1
88	1281	1
88	779	1
88	1998	1
88	1999	1
88	2073	1
1159	1257	1
1159	1287	1
1160	1160	1
1160	1369	1
1160	2083	1
89	546	1
89	548	1
2319	2561	1
2320	2401	1
2320	2638	1
2322	2605	1
2322	3203	1
2324	2324	1
2324	3074	1
1165	1788	1
1165	2066	1
2325	2594	1
2327	3221	1
1168	1511	1
1168	1544	1
1168	873	1
1168	2096	1
1168	2106	1
2328	3153	1
2329	2329	1
2332	1173	1
1174	1200	1
1174	1404	1
1174	1425	1
2333	2500	1
1175	278	1
1175	1360	1
1175	1385	1
1175	2173	1
1175	2174	1
1176	1897	1
2335	3200	1
2335	3247	1
96	913	1
96	997	1
97	5	1
97	36	1
97	63	1
97	949	1
1178	1178	1
1178	1871	1
1180	1196	1
99	723	1
99	931	1
99	952	1
100	680	1
1183	1836	1
1183	1837	1
2338	3059	1
2339	2596	1
2339	974	1
102	267	1
2340	2400	1
2340	725	1
104	129	1
104	131	1
104	134	1
104	140	1
1185	1945	1
1186	1648	1
105	176	1
105	180	1
2344	2456	1
2344	2624	1
2345	2230	1
108	1494	1
108	383	1
108	2125	1
2347	2860	1
1193	1548	1
1193	2112	1
110	584	1
2348	2548	1
1197	1587	1
113	382	1
2350	2793	1
2350	2907	1
2351	3013	1
1202	1183	1
1202	1841	1
115	569	1
115	671	1
2352	2479	1
1203	1432	1
1203	1964	1
1203	2151	1
2353	2565	1
1204	1208	1
1206	1210	1
1206	1256	1
1206	1604	1
1206	1606	1
1206	1818	1
2357	2354	1
1209	1748	1
117	117	1
119	810	1
2360	2839	1
2361	130	1
2361	2556	1
2361	3255	1
2362	614	1
120	634	1
2364	2418	1
2365	3285	1
121	866	1
1219	1236	1
2368	2368	1
123	310	1
123	547	1
123	668	1
123	669	1
1220	1075	1
1220	1169	1
1220	1199	1
1220	1387	1
2369	3070	1
1222	1540	1
1222	1807	1
1222	2044	1
1223	1711	1
1223	1712	1
1223	1713	1
1223	1964	1
1223	2099	1
124	881	1
2371	377	1
2372	2372	1
2374	2420	1
2375	2269	1
2375	3213	1
2375	3214	1
2375	3216	1
2376	2965	1
126	617	1
1226	235	1
1226	1322	1
1226	592	1
1226	1821	1
1227	2792	1
130	182	1
130	1498	1
2378	2682	1
2378	2683	1
1230	1191	1
1230	1514	1
1230	1811	1
1230	2097	1
1236	774	1
1236	2024	1
141	1002	1
2388	2388	1
1241	1514	1
1242	1236	1
1242	2118	1
144	141	1
144	146	1
144	453	1
144	1002	1
1243	1505	1
2394	2397	1
2395	3181	1
146	907	1
1247	1330	1
149	149	1
149	326	1
150	149	1
150	326	1
152	573	1
2404	2960	1
1253	1253	1
1255	1255	1
1254	1721	1
1254	754	1
1254	2043	1
1256	1818	1
2406	2406	1
158	970	1
160	854	1
1261	1750	1
1264	1284	1
164	952	1
1268	2120	1
167	639	1
170	306	1
170	494	1
1273	1339	1
1273	1454	1
1273	1668	1
1273	1714	1
2416	2629	1
172	56	1
172	1168	1
172	1934	1
173	108	1
173	384	1
173	514	1
2420	2437	1
1277	2043	1
2422	2371	1
1278	2020	1
1279	779	1
1279	1976	1
175	479	1
2426	2756	1
178	228	1
178	232	1
178	236	1
179	1075	1
179	1282	1
179	267	1
179	297	1
179	438	1
179	1650	1
179	573	1
179	646	1
179	779	1
179	1921	1
179	1991	1
2430	2430	1
183	2207	1
183	185	1
183	452	1
183	605	1
183	3117	1
184	54	1
184	106	1
184	1249	1
184	422	1
184	539	1
184	586	1
184	1761	1
184	694	1
184	697	1
184	714	1
184	3252	1
184	999	1
184	1000	1
2434	2767	1
2436	2436	1
2438	2465	1
2440	2425	1
192	607	1
1291	1344	1
1292	1854	1
1292	1953	1
1293	1930	1
201	1494	1
201	383	1
201	2125	1
202	255	1
203	239	1
1297	1013	1
1297	1089	1
1297	1725	1
204	204	1
204	650	1
204	945	1
2448	2563	1
207	499	1
209	347	1
2455	2850	1
2455	2851	1
2455	861	1
1307	2036	1
1307	2037	1
217	724	1
218	65	1
218	1247	1
218	2401	1
218	1489	1
218	2638	1
218	1724	1
218	725	1
218	732	1
218	2104	1
218	3303	1
1310	1610	1
1310	2116	1
1312	1019	1
1312	1493	1
1314	1583	1
2462	2908	1
230	146	1
230	148	1
230	177	1
230	411	1
230	480	1
230	621	1
230	625	1
2467	2470	1
243	126	1
243	617	1
245	722	1
245	1009	1
1338	1332	1
1343	1412	1
1343	404	1
1343	1881	1
262	541	1
262	673	1
262	797	1
2486	2583	1
1347	1089	1
263	26	1
263	122	1
263	311	1
263	344	1
263	424	1
263	425	1
263	426	1
263	566	1
263	685	1
263	768	1
263	769	1
263	796	1
263	840	1
264	723	1
264	815	1
2487	3185	1
265	69	1
265	107	1
265	194	1
265	501	1
265	502	1
265	567	1
265	655	1
265	888	1
266	65	1
266	88	1
266	152	1
266	297	1
266	685	1
266	732	1
266	3191	1
266	905	1
266	2081	1
1348	1353	1
1348	1965	1
1349	1290	1
1349	2031	1
1349	2124	1
1351	1893	1
2489	2391	1
2490	2578	1
268	561	1
268	668	1
269	80	1
1352	1207	1
1352	1449	1
1352	1539	1
270	868	1
2491	2223	1
271	690	1
272	103	1
272	262	1
272	285	1
272	310	1
272	516	1
272	827	1
272	887	1
1353	1965	1
273	432	1
273	433	1
1354	1019	1
1354	2856	1
274	36	1
274	63	1
274	83	1
274	203	1
274	735	1
275	28	1
275	54	1
275	105	1
275	106	1
275	1249	1
275	153	1
275	469	1
275	619	1
275	697	1
275	956	1
275	987	1
275	1000	1
276	69	1
276	107	1
276	463	1
276	555	1
276	580	1
276	581	1
276	655	1
276	827	1
276	888	1
276	901	1
276	902	1
278	1267	1
278	182	1
278	2464	1
278	310	1
278	444	1
278	1724	1
278	828	1
279	2292	1
279	210	1
279	358	1
279	2969	1
279	3005	1
279	3006	1
280	324	1
280	350	1
280	917	1
1356	2061	1
1357	2774	1
1357	1976	1
1359	1583	1
2493	2854	1
2494	1198	1
2494	1469	1
2494	686	1
2494	3040	1
2496	2496	1
281	144	1
281	418	1
281	584	1
281	861	1
282	631	1
1363	1759	1
1363	1946	1
1366	1727	1
1366	2043	1
283	263	1
283	311	1
284	1513	1
284	732	1
285	94	1
285	159	1
285	2482	1
285	356	1
285	445	1
285	697	1
285	896	1
1368	1355	1
1368	1414	1
1368	1415	1
1368	1476	1
2499	2191	1
1371	1078	1
1371	2140	1
1372	1904	1
2500	2500	1
1373	1083	1
1373	1152	1
1373	1373	1
1374	1061	1
1374	1062	1
1374	1177	1
1374	1410	1
1374	1726	1
1374	1979	1
1374	2035	1
1374	2149	1
286	545	1
2501	2861	1
2501	3180	1
1376	1802	1
1376	762	1
2502	2377	1
287	170	1
287	675	1
287	692	1
288	917	1
1379	1074	1
1379	1462	1
1379	1504	1
1379	1605	1
1380	1014	1
1380	1059	1
1380	1378	1
1380	1591	1
1381	1162	1
1381	1268	1
1381	2079	1
289	732	1
290	157	1
290	163	1
290	252	1
290	260	1
290	784	1
291	67	1
291	106	1
291	152	1
291	153	1
291	154	1
291	159	1
291	167	1
291	216	1
291	317	1
291	336	1
291	356	1
291	445	1
291	462	1
291	470	1
291	482	1
291	501	1
291	516	1
291	590	1
291	1714	1
291	640	1
291	673	1
291	683	1
291	694	1
291	708	1
291	746	1
291	3130	1
291	926	1
291	927	1
292	233	1
1382	1344	1
1382	1889	1
293	169	1
293	213	1
293	396	1
293	397	1
293	651	1
293	778	1
294	588	1
1383	1115	1
1383	1272	1
1383	1649	1
1383	1650	1
1383	1956	1
2507	3074	1
295	228	1
295	232	1
295	236	1
295	475	1
295	535	1
295	602	1
295	634	1
295	732	1
295	771	1
295	882	1
1385	1385	1
296	25	1
296	69	1
296	655	1
296	1007	1
1386	1358	1
1386	1384	1
1386	341	1
1386	1566	1
1386	1757	1
1386	1758	1
2508	2215	1
1387	1073	1
1387	1169	1
2509	2638	1
2509	2649	1
2509	3301	1
1388	1982	1
1388	1983	1
297	122	1
297	127	1
297	1232	1
297	504	1
297	541	1
297	3015	1
297	797	1
297	802	1
1389	1146	1
298	764	1
298	1010	1
1390	1148	1
1390	1672	1
1390	1688	1
1391	1582	1
1392	1090	1
1392	1608	1
2511	3206	1
2512	2182	1
299	468	1
2514	2599	1
1395	1313	1
1396	1236	1
1397	3008	1
1397	2093	1
300	418	1
2515	3133	1
2517	2367	1
2518	2846	1
301	2245	1
301	68	1
1401	1109	1
1401	1401	1
2519	2254	1
2520	3024	1
302	251	1
302	438	1
302	746	1
302	804	1
302	911	1
303	180	1
303	841	1
2521	2557	1
304	304	1
304	634	1
1405	1445	1
1406	1080	1
1406	1314	1
1406	1316	1
1406	1359	1
1406	1364	1
1406	1367	1
1406	1370	1
1406	1380	1
1406	1584	1
1406	1658	1
1406	1715	1
1406	1731	1
1406	1732	1
1406	1733	1
1406	1736	1
1406	1737	1
1406	1822	1
1406	1923	1
1406	1941	1
1406	2070	1
1406	2135	1
1407	1179	1
1408	1715	1
305	228	1
305	232	1
305	236	1
1409	1745	1
2522	3223	1
2523	2431	1
308	868	1
308	1986	1
1411	1225	1
1411	1679	1
309	161	1
1413	1216	1
1413	1240	1
2525	2446	1
1414	1025	1
1414	1355	1
1414	1368	1
1414	1415	1
1414	1476	1
2528	2342	1
311	2529	1
311	2530	1
2530	2529	1
1416	1144	1
1416	1231	1
1416	1234	1
1416	1249	1
1416	1284	1
1416	1431	1
1416	2157	1
312	315	1
313	315	1
314	315	1
2531	2533	1
316	622	1
2534	2473	1
2534	2609	1
2535	2534	1
318	51	1
318	481	1
318	597	1
2536	2280	1
2537	2537	1
1418	1306	1
319	135	1
1419	1921	1
1420	2260	1
1420	432	1
1420	2699	1
1420	1770	1
1420	3107	1
1421	1216	1
1421	1765	1
1421	1933	1
2538	2309	1
1423	1285	1
1423	1542	1
1423	1845	1
1423	1980	1
320	1009	1
2540	2469	1
2540	3033	1
2541	2542	1
2541	2944	1
1424	1628	1
1426	2119	1
323	109	1
323	133	1
323	512	1
323	513	1
323	514	1
2545	3274	1
1428	1429	1
2546	2191	1
2547	2893	1
325	149	1
325	326	1
326	324	1
326	350	1
326	591	1
326	1701	1
326	917	1
328	617	1
329	36	1
329	63	1
329	97	1
329	114	1
329	661	1
329	821	1
329	948	1
1431	2193	1
330	137	1
331	66	1
2550	3004	1
2550	3005	1
332	2342	1
332	597	1
333	722	1
1435	1436	1
1435	2008	1
1436	1434	1
2551	2551	1
2552	2456	1
2552	2478	1
1437	1388	1
1437	1982	1
1438	1329	1
1438	1342	1
1439	1440	1
337	287	1
337	675	1
2553	2402	1
2553	2405	1
338	69	1
338	107	1
338	463	1
338	555	1
338	580	1
338	581	1
338	655	1
338	827	1
338	888	1
338	901	1
338	902	1
2554	2255	1
339	2799	1
339	1858	1
339	813	1
339	3158	1
2556	3255	1
1443	1534	1
1443	1535	1
2558	2224	1
2558	2780	1
2558	3022	1
341	868	1
1444	1439	1
1444	1440	1
1445	2024	1
2559	246	1
2559	3120	1
2560	2581	1
1446	1361	1
1446	1377	1
1446	1447	1
1446	1448	1
1448	1602	1
2562	2563	1
1450	2119	1
2564	2359	1
1451	1287	1
2566	2567	1
2568	2757	1
342	771	1
2569	2729	1
343	1804	1
343	869	1
2571	2570	1
344	2570	1
2572	3192	1
1454	1273	1
2573	2965	1
1455	2072	1
2574	3217	1
2575	3163	1
1456	1228	1
1456	1232	1
1456	1235	1
1456	1588	1
1457	1232	1
1457	1550	1
1458	1850	1
1459	1104	1
1460	1061	1
1460	1124	1
1460	1140	1
1460	1218	1
1460	1374	1
1460	1464	1
1460	1761	1
1460	1781	1
1460	1979	1
1461	1243	1
1461	1648	1
1461	628	1
1461	2005	1
348	170	1
348	630	1
348	982	1
2579	2407	1
2579	351	1
2580	2579	1
2580	2770	1
1463	1590	1
1464	1184	1
1464	1761	1
349	1177	1
349	574	1
349	575	1
349	619	1
350	515	1
1465	1298	1
2582	2662	1
1466	2045	1
352	2583	1
352	353	1
352	354	1
353	164	1
353	421	1
354	2259	1
354	2407	1
354	2579	1
354	2580	1
354	351	1
354	353	1
354	2585	1
354	2586	1
354	2770	1
354	1958	1
355	356	1
2584	2586	1
2584	2672	1
2585	2584	1
2586	2584	1
2586	2585	1
2586	2586	1
359	358	1
1467	1467	1
2587	2587	1
1468	1467	1
2589	2589	1
360	361	1
362	971	1
1469	686	1
363	363	1
364	51	1
364	103	1
364	167	1
364	234	1
364	244	1
364	251	1
364	253	1
364	259	1
364	302	1
364	355	1
364	365	1
364	382	1
364	462	1
364	470	1
364	481	1
364	482	1
364	483	1
364	516	1
364	517	1
364	523	1
364	525	1
364	550	1
364	673	1
364	697	1
364	701	1
364	706	1
364	745	1
364	746	1
364	777	1
364	804	1
364	910	1
364	911	1
364	918	1
365	2446	1
2590	2178	1
2590	2476	1
2591	2697	1
2591	2698	1
2591	821	1
1470	1453	1
1470	1704	1
1470	1705	1
1470	1944	1
1470	1954	1
1470	1955	1
1470	1980	1
1470	2002	1
2592	3296	1
369	651	1
2593	2199	1
2593	62	1
2593	1312	1
2593	3166	1
2593	3187	1
2594	2325	1
2594	2595	1
2595	2325	1
2595	2594	1
370	135	1
370	1337	1
371	895	1
1472	1585	1
1473	1304	1
1473	1472	1
1473	1569	1
1473	1570	1
1474	1921	1
1474	2065	1
1475	1679	1
1475	2036	1
372	69	1
372	107	1
372	194	1
372	501	1
372	502	1
372	655	1
372	888	1
372	1007	1
2598	2548	1
373	94	1
373	2463	1
373	251	1
373	262	1
373	374	1
373	444	1
373	445	1
373	3014	1
373	3015	1
374	94	1
374	444	1
374	445	1
1477	1909	1
375	515	1
375	630	1
2599	3093	1
378	2339	1
378	2596	1
378	1633	1
378	947	1
2600	3109	1
1478	1439	1
1478	1440	1
2601	2642	1
1479	1086	1
1479	1480	1
1479	1661	1
1479	2012	1
1481	1144	1
1481	2139	1
2603	2271	1
2603	2602	1
2603	2809	1
1482	1482	1
2604	2766	1
1483	1310	1
1483	2116	1
1484	1346	1
2606	2607	1
2607	2606	1
2607	2608	1
1488	1872	1
2611	2612	1
1492	56	1
1492	1157	1
1492	1492	1
381	119	1
381	605	1
381	606	1
381	684	1
381	713	1
2613	2605	1
1493	1738	1
2614	2617	1
2614	2619	1
2615	2285	1
2615	2615	1
2615	2616	1
2616	2614	1
2616	2617	1
2616	2618	1
2618	2617	1
2619	2618	1
1494	2125	1
383	108	1
383	384	1
383	514	1
384	514	1
2621	2620	1
385	202	1
385	386	1
386	202	1
386	240	1
387	202	1
387	434	1
387	649	1
387	650	1
2622	2859	1
388	249	1
388	579	1
388	676	1
389	196	1
389	334	1
389	467	1
389	579	1
389	584	1
389	636	1
389	936	1
389	973	1
390	7	1
390	10	1
390	15	1
390	22	1
390	28	1
390	51	1
390	54	1
390	58	1
390	82	1
390	85	1
390	94	1
390	98	1
390	103	1
390	106	1
390	147	1
390	151	1
390	153	1
390	154	1
390	155	1
390	156	1
390	167	1
390	176	1
390	180	1
390	182	1
390	200	1
390	212	1
390	219	1
390	221	1
390	231	1
390	233	1
390	234	1
390	244	1
390	248	1
390	253	1
390	254	1
390	259	1
390	303	1
390	317	1
390	318	1
390	336	1
390	355	1
390	356	1
390	363	1
390	382	1
390	391	1
390	414	1
390	444	1
390	445	1
390	450	1
390	455	1
390	456	1
390	462	1
390	470	1
390	481	1
390	482	1
390	483	1
390	504	1
390	507	1
390	516	1
390	517	1
390	523	1
390	525	1
390	550	1
390	557	1
390	573	1
390	576	1
390	597	1
390	608	1
390	619	1
390	658	1
390	668	1
390	669	1
390	673	1
390	680	1
390	694	1
390	697	1
390	698	1
390	700	1
390	701	1
390	702	1
390	706	1
390	708	1
390	711	1
390	727	1
390	744	1
390	746	1
390	772	1
390	773	1
390	799	1
390	802	1
390	804	1
390	812	1
390	880	1
390	896	1
390	899	1
390	906	1
390	910	1
390	929	1
390	1000	1
391	189	1
391	382	1
392	592	1
392	914	1
2623	2792	1
395	397	1
396	213	1
396	293	1
396	397	1
396	723	1
396	778	1
397	213	1
397	778	1
2624	2456	1
1496	1020	1
1496	1746	1
398	820	1
2625	2626	1
1497	1497	1
1498	130	1
2627	3018	1
2628	2380	1
400	402	1
400	405	1
401	400	1
401	402	1
401	405	1
403	405	1
404	401	1
404	403	1
404	405	1
405	2134	1
406	789	1
407	812	1
1500	1070	1
1500	1088	1
1500	1089	1
1500	1163	1
1500	1236	1
1500	1347	1
1500	1417	1
1500	1499	1
1500	2024	1
408	516	1
409	191	1
1501	1502	1
410	116	1
410	174	1
410	241	1
410	316	1
410	411	1
410	570	1
410	622	1
410	975	1
2630	2321	1
1503	1285	1
2631	2481	1
413	2466	1
413	2868	1
414	58	1
416	137	1
416	142	1
416	144	1
416	146	1
416	198	1
416	351	1
416	418	1
416	453	1
416	499	1
416	879	1
416	1003	1
417	453	1
417	810	1
418	141	1
418	146	1
418	453	1
418	1002	1
419	281	1
419	360	1
420	233	1
2633	2577	1
1504	1932	1
421	1262	1
1506	1294	1
422	28	1
422	48	1
422	54	1
422	105	1
422	106	1
422	153	1
422	194	1
422	469	1
422	586	1
422	633	1
422	714	1
422	1899	1
422	987	1
1507	1150	1
423	952	1
1509	149	1
1509	150	1
1509	1262	1
1509	324	1
1509	325	1
1509	326	1
1509	327	1
1509	1639	1
424	426	1
425	426	1
1510	1700	1
2636	2635	1
1511	2134	1
428	673	1
429	1172	1
429	284	1
429	1408	1
429	305	1
429	1409	1
429	1512	1
429	601	1
429	1710	1
429	1721	1
429	732	1
1512	305	1
1512	1409	1
1512	1824	1
430	732	1
1515	1748	1
1516	1329	1
1516	2470	1
1516	1342	1
431	868	1
1517	1162	1
1517	1268	1
1517	1331	1
1517	1335	1
1517	2079	1
2640	2639	1
2641	185	1
2641	3117	1
2642	2601	1
2643	2645	1
2644	2645	1
1518	1519	1
1519	1216	1
1519	1303	1
432	433	1
432	915	1
433	915	1
1520	1233	1
2646	2282	1
434	387	1
434	506	1
2648	2648	1
1521	3255	1
1522	1319	1
1522	1323	1
437	438	1
437	516	1
437	711	1
438	251	1
439	51	1
439	58	1
439	94	1
439	167	1
439	212	1
439	244	1
439	253	1
439	259	1
439	302	1
439	332	1
439	355	1
439	364	1
439	365	1
439	382	1
439	414	1
439	438	1
439	444	1
439	445	1
439	481	1
439	482	1
439	483	1
439	516	1
439	517	1
439	525	1
439	597	1
439	668	1
439	669	1
439	680	1
439	697	1
439	702	1
439	747	1
439	755	1
439	804	1
439	871	1
439	918	1
440	10	1
441	1236	1
441	2447	1
441	1478	1
441	1531	1
441	2665	1
441	2765	1
441	1723	1
441	645	1
441	1801	1
441	774	1
441	880	1
441	2168	1
1523	1167	1
1523	1826	1
1524	1168	1
1524	1254	1
1524	1581	1
1524	1934	1
1524	2041	1
1525	1661	1
1526	1761	1
442	106	1
443	443	1
443	586	1
2650	2660	1
2651	2574	1
2651	692	1
2651	2994	1
2651	914	1
2652	2271	1
444	94	1
1528	1255	1
1528	1478	1
1528	2738	1
1528	2765	1
1528	1723	1
1528	1814	1
1528	2970	1
445	94	1
445	194	1
445	444	1
2654	1529	1
2654	2166	1
447	93	1
447	213	1
447	256	1
447	296	1
447	535	1
447	744	1
447	778	1
447	800	1
447	921	1
447	967	1
2655	2690	1
448	810	1
2656	2194	1
1530	1185	1
1530	2008	1
2657	1286	1
2657	2447	1
2657	1302	1
2657	2658	1
2658	2447	1
2658	2657	1
2658	2658	1
2658	1531	1
2658	1532	1
1532	1286	1
1532	1302	1
1532	1532	1
1533	1687	1
1533	710	1
450	449	1
450	451	1
450	560	1
450	710	1
450	896	1
2661	2661	1
2663	2664	1
2664	2044	1
1537	1394	1
452	605	1
1538	1248	1
1539	1207	1
454	817	1
2668	2669	1
2668	2670	1
2669	2463	1
2669	686	1
2669	3191	1
1540	1266	1
1541	1182	1
1541	1540	1
2671	2439	1
1542	1215	1
1542	1422	1
1542	1980	1
1543	2293	1
1543	2460	1
1543	1326	1
1543	828	1
2674	2674	1
456	147	1
1545	80	1
1545	1427	1
1546	1547	1
1546	1763	1
457	458	1
459	573	1
459	697	1
460	2361	1
460	154	1
460	263	1
460	685	1
460	3156	1
460	3159	1
460	1006	1
461	25	1
461	69	1
461	888	1
462	167	1
462	828	1
1549	1549	1
1549	1624	1
1549	978	1
1550	1235	1
2678	2382	1
2678	2396	1
2679	2679	1
465	466	1
2680	2680	1
2682	2682	1
2682	2683	1
2684	2378	1
2684	2682	1
2684	2683	1
469	586	1
469	633	1
469	697	1
471	2221	1
471	30	1
471	31	1
471	1075	1
471	1169	1
471	1199	1
471	122	1
471	127	1
471	1232	1
471	179	1
471	262	1
471	272	1
471	276	1
471	1357	1
471	285	1
471	1383	1
471	338	1
471	504	1
471	510	1
471	541	1
471	556	1
471	566	1
471	2812	1
471	697	1
471	732	1
471	3015	1
471	780	1
471	797	1
471	802	1
472	142	1
472	145	1
2686	2385	1
2686	1714	1
2686	686	1
2686	687	1
2688	2409	1
2688	2687	1
2688	2689	1
2689	2687	1
1553	1554	1
1554	1553	1
1555	1555	1
1556	1555	1
1556	1647	1
474	90	1
1557	1558	1
476	475	1
477	346	1
477	369	1
477	753	1
477	951	1
478	868	1
2693	2373	1
2694	2505	1
1560	1339	1
1560	341	1
1560	1668	1
1560	1818	1
2695	2212	1
2695	2498	1
2696	2578	1
2696	1867	1
2696	3144	1
481	51	1
482	51	1
482	481	1
482	697	1
1562	1321	1
483	51	1
483	154	1
483	189	1
483	244	1
483	253	1
483	259	1
483	355	1
483	481	1
483	516	1
483	525	1
483	597	1
483	702	1
483	706	1
483	708	1
483	918	1
2699	2441	1
486	138	1
486	485	1
487	42	1
487	271	1
487	950	1
488	17	1
488	39	1
488	42	1
488	271	1
488	367	1
488	368	1
488	487	1
488	488	1
488	489	1
488	569	1
488	790	1
488	833	1
488	834	1
488	950	1
488	955	1
488	964	1
488	1010	1
2700	3231	1
2702	2647	1
1564	1110	1
1564	1563	1
1564	1565	1
490	805	1
2704	2602	1
2705	2864	1
2706	2445	1
492	570	1
493	492	1
493	907	1
495	19	1
495	75	1
495	139	1
495	208	1
495	667	1
495	743	1
495	935	1
495	979	1
1568	1226	1
1568	235	1
1568	592	1
496	142	1
497	145	1
2708	2825	1
2709	2681	1
498	239	1
2710	2761	1
501	1007	1
502	107	1
502	501	1
502	508	1
502	755	1
502	1007	1
1573	1287	1
503	634	1
504	159	1
2711	2438	1
2711	2465	1
2711	2531	1
2711	2532	1
2711	2667	1
2711	2813	1
2711	3244	1
1574	1280	1
505	30	1
505	56	1
505	69	1
505	78	1
505	172	1
505	534	1
505	562	1
505	732	1
506	171	1
506	394	1
506	721	1
506	843	1
506	939	1
507	206	1
509	174	1
509	340	1
510	504	1
510	566	1
514	323	1
514	383	1
514	868	1
1577	1087	1
1577	1494	1
1578	1530	1
2713	2653	1
517	251	1
517	310	1
517	525	1
517	673	1
517	871	1
1580	2873	1
1580	2043	1
2714	2939	1
518	952	1
1582	2078	1
1583	1189	1
1584	1314	1
2715	2475	1
520	170	1
521	616	1
521	701	1
522	28	1
522	54	1
522	105	1
522	106	1
522	1249	1
522	153	1
522	1374	1
522	1460	1
522	1464	1
522	469	1
522	616	1
522	619	1
522	697	1
522	956	1
522	987	1
522	999	1
522	1000	1
1585	1629	1
1586	1336	1
1586	1587	1
1588	1235	1
1589	1128	1
1589	1149	1
1589	1590	1
1590	1128	1
2716	2717	1
2719	2718	1
1592	1593	1
1594	1592	1
1594	1593	1
1595	1596	1
1597	1598	1
1599	1076	1
1599	1078	1
1599	1600	1
1599	1613	1
1599	1685	1
1599	1950	1
1599	2074	1
2720	3015	1
2721	2629	1
523	182	1
523	261	1
2723	2722	1
2724	2744	1
524	971	1
1601	1569	1
1602	1829	1
525	590	1
2725	2725	1
2726	2557	1
2727	2913	1
1606	1105	1
1606	1604	1
528	528	1
530	879	1
2731	2337	1
531	188	1
531	532	1
531	810	1
533	533	1
533	534	1
533	732	1
534	732	1
2732	2526	1
1609	1842	1
2733	2349	1
2733	2746	1
2733	3195	1
1611	2155	1
2736	2178	1
2736	2476	1
2738	2408	1
1612	1263	1
2739	2707	1
2739	715	1
2740	2213	1
2741	2411	1
1613	1190	1
537	380	1
537	655	1
2742	1122	1
2742	2880	1
1614	1773	1
1615	1037	1
1615	1042	1
1615	1411	1
1615	1614	1
1616	1616	1
1618	1452	1
1619	1188	1
538	673	1
2745	122	1
2745	2588	1
2745	2665	1
2745	464	1
2745	3115	1
1620	2138	1
1621	2137	1
1622	1275	1
1622	1622	1
2747	2748	1
1623	1623	1
1624	1549	1
2749	3264	1
1625	1315	1
1626	1224	1
1626	1772	1
1626	2009	1
539	86	1
539	460	1
540	784	1
2750	2279	1
2752	2889	1
541	507	1
1628	206	1
2753	2387	1
2753	2418	1
542	101	1
542	145	1
542	791	1
2754	2755	1
1630	14	1
1630	1747	1
544	14	1
544	286	1
544	545	1
546	548	1
547	159	1
547	244	1
547	253	1
547	259	1
547	572	1
547	573	1
547	590	1
547	697	1
551	679	1
551	680	1
1631	1129	1
1631	90	1
1632	1801	1
1632	2168	1
1633	645	1
1633	1801	1
1633	774	1
1634	26	1
1634	2244	1
1634	1100	1
1634	2257	1
1634	1138	1
1634	1634	1
1634	1828	1
1634	1893	1
1634	2139	1
1634	2165	1
1636	1253	1
1636	1289	1
1636	1682	1
1637	1181	1
1637	1318	1
1637	1375	1
1637	1638	1
1637	1977	1
1637	2026	1
1638	1181	1
1638	1356	1
1638	1375	1
1638	1637	1
1638	2013	1
2758	3063	1
2759	2610	1
552	952	1
1640	1810	1
553	2728	1
553	2791	1
553	673	1
553	1921	1
553	1951	1
553	2161	1
554	58	1
554	106	1
554	422	1
554	469	1
554	1642	1
554	830	1
554	1000	1
1642	1284	1
2762	2204	1
556	2266	1
556	257	1
556	462	1
556	829	1
1644	1719	1
2764	3224	1
1645	1031	1
1645	1488	1
558	475	1
1646	1131	1
1646	1262	1
1646	1320	1
1646	1321	1
1646	421	1
1646	1883	1
1646	1885	1
561	561	1
561	655	1
561	669	1
2768	2315	1
1648	1243	1
564	132	1
564	536	1
564	775	1
564	975	1
566	152	1
566	770	1
566	771	1
566	802	1
1649	1272	1
1649	1650	1
567	1650	1
568	158	1
1652	1868	1
1653	1237	1
2773	2783	1
1655	1422	1
1657	1080	1
1657	1189	1
1657	1314	1
1657	1359	1
1657	1583	1
1657	1584	1
1657	1735	1
1657	1736	1
1657	1737	1
571	95	1
571	234	1
571	697	1
572	180	1
572	549	1
572	573	1
572	697	1
572	841	1
573	257	1
573	829	1
574	95	1
574	310	1
574	549	1
574	572	1
574	697	1
575	549	1
1659	1659	1
1660	1661	1
1661	1098	1
1661	1362	1
2774	2293	1
2776	2267	1
2776	2775	1
1662	1326	1
577	3209	1
577	965	1
2777	2272	1
2777	3088	1
1664	779	1
1664	1921	1
1664	1991	1
2778	2676	1
2778	2724	1
2780	2870	1
1667	2328	1
1667	2460	1
1667	1326	1
1667	3028	1
1667	828	1
1667	3153	1
2781	2392	1
581	580	1
1670	1671	1
582	200	1
583	158	1
1673	1639	1
1673	1958	1
2782	2782	1
1674	1482	1
1675	1216	1
1675	1240	1
1675	1933	1
584	202	1
584	240	1
584	386	1
2784	2402	1
2784	2432	1
2784	2553	1
2784	3031	1
2784	3094	1
2785	2402	1
2785	2405	1
2785	2553	1
2786	2386	1
1677	1724	1
1678	1198	1
1678	1281	1
1678	1469	1
1678	686	1
1678	1999	1
1678	2073	1
1680	1014	1
1680	1194	1
1680	1378	1
587	808	1
2788	2787	1
2790	2461	1
2790	2857	1
588	952	1
1681	1407	1
1681	1409	1
1683	1324	1
1683	1325	1
1683	1684	1
589	129	1
589	131	1
589	134	1
589	140	1
2794	2289	1
2794	2795	1
2795	1241	1
2796	2999	1
2797	2249	1
591	217	1
591	724	1
591	978	1
1686	1559	1
2798	3243	1
1687	1236	1
1687	421	1
1687	1508	1
2799	3128	1
1689	1830	1
1689	2176	1
592	235	1
595	593	1
595	594	1
1690	1122	1
1690	1478	1
1690	1528	1
1690	1814	1
1690	1891	1
2801	2800	1
1691	1815	1
1691	1992	1
1691	1993	1
2802	3092	1
2803	2803	1
2804	2524	1
596	160	1
596	496	1
2805	2805	1
2805	2807	1
2805	3112	1
2805	3113	1
2806	2807	1
598	151	1
598	336	1
598	599	1
1692	1593	1
600	569	1
600	671	1
601	17	1
601	834	1
2808	2354	1
1693	1260	1
1693	1844	1
2809	2734	1
2809	3129	1
2810	2525	1
604	59	1
2811	2226	1
1694	1810	1
2812	2539	1
1695	1100	1
1695	1690	1
1695	1828	1
605	185	1
606	199	1
2813	2438	1
2813	2465	1
2814	2815	1
2816	2383	1
2817	2472	1
2818	2819	1
2820	2889	1
1696	1697	1
2821	2268	1
2822	2822	1
2823	2610	1
2824	2977	1
2827	2873	1
1699	1334	1
608	167	1
608	168	1
608	238	1
608	413	1
608	578	1
608	597	1
608	639	1
608	706	1
608	773	1
608	896	1
2828	3219	1
1701	149	1
1701	150	1
1701	324	1
1701	325	1
1701	326	1
1701	327	1
1701	2057	1
609	462	1
609	828	1
609	3162	1
2829	2458	1
2829	2933	1
1702	1703	1
1704	1285	1
1705	1617	1
1705	1704	1
2830	2291	1
2831	2307	1
610	135	1
1706	1224	1
1706	1243	1
1706	1258	1
1706	1612	1
1706	610	1
2832	2286	1
2832	2295	1
2832	2323	1
2832	3160	1
2832	3161	1
2832	3200	1
1707	2275	1
1707	1229	1
1707	1511	1
2833	2744	1
611	950	1
612	52	1
612	271	1
612	569	1
612	583	1
612	955	1
612	964	1
612	965	1
613	611	1
613	955	1
615	217	1
615	288	1
615	306	1
615	350	1
615	1509	1
615	592	1
615	3205	1
615	3217	1
1708	1214	1
1708	2753	1
1708	818	1
2835	2370	1
1709	1490	1
1709	2072	1
1710	1172	1
1710	305	1
1710	1409	1
1710	1512	1
1710	1513	1
616	7	1
616	51	1
616	67	1
616	481	1
616	549	1
616	571	1
616	572	1
616	574	1
616	575	1
616	1714	1
616	668	1
616	694	1
616	714	1
616	748	1
616	2018	1
616	3236	1
616	998	1
616	999	1
616	1000	1
618	240	1
619	220	1
619	920	1
2836	2358	1
2837	2838	1
2837	2882	1
2839	2840	1
2840	2839	1
2841	2842	1
620	621	1
620	623	1
621	623	1
623	621	1
623	623	1
624	621	1
624	623	1
624	625	1
625	229	1
625	623	1
2843	2276	1
2843	626	1
627	823	1
628	1243	1
628	1461	1
2844	2227	1
629	350	1
629	515	1
629	629	1
629	630	1
631	70	1
631	226	1
631	241	1
631	403	1
631	411	1
631	492	1
631	495	1
631	620	1
631	750	1
631	979	1
631	980	1
631	988	1
631	995	1
631	1003	1
631	1009	1
1716	1082	1
1716	1139	1
1716	1145	1
1716	1716	1
1716	1717	1
1717	1716	1
1717	1717	1
1717	1887	1
1720	1747	1
1722	2068	1
2847	2848	1
2847	2849	1
2847	1807	1
1724	1267	1
635	491	1
635	870	1
1725	1417	1
1725	1427	1
1725	1545	1
1725	2024	1
1727	1191	1
1727	1514	1
1727	1811	1
1727	2097	1
1728	1085	1
1728	1729	1
1729	1627	1
1729	1717	1
2852	2853	1
2853	2852	1
1730	1142	1
1730	1192	1
2855	185	1
2855	199	1
1731	1071	1
1731	1080	1
1731	1194	1
1731	1314	1
1731	1359	1
1731	1364	1
1731	1583	1
1731	1584	1
1731	1657	1
1731	1658	1
1731	1680	1
1731	1731	1
1731	1735	1
1731	1736	1
1731	1737	1
1731	1985	1
1732	1657	1
1732	1731	1
1732	1985	1
1733	1059	1
1733	1495	1
1733	1744	1
1735	1314	1
1735	1359	1
1735	1736	1
1735	1737	1
1736	1314	1
1736	1359	1
1736	1583	1
1736	1735	1
1737	1314	1
1737	1359	1
1737	1736	1
2856	2751	1
637	149	1
637	150	1
637	324	1
637	325	1
637	326	1
637	327	1
637	552	1
638	128	1
639	640	1
640	639	1
641	157	1
641	209	1
641	719	1
643	35	1
643	38	1
643	64	1
643	83	1
643	121	1
643	136	1
643	239	1
643	271	1
643	313	1
643	314	1
643	348	1
643	641	1
643	661	1
643	682	1
643	807	1
643	808	1
643	814	1
643	840	1
643	866	1
643	893	1
643	923	1
643	994	1
644	42	1
644	271	1
644	611	1
644	1010	1
1740	1282	1
1740	1740	1
1740	1741	1
1740	1766	1
2858	2464	1
646	1282	1
646	549	1
646	1650	1
646	732	1
646	1895	1
646	2064	1
646	2149	1
646	2150	1
647	197	1
647	898	1
648	2181	1
648	299	1
648	2865	1
650	957	1
1743	1019	1
1743	2394	1
1743	1874	1
2862	2932	1
2863	2864	1
2863	3131	1
2865	2181	1
2865	946	1
652	397	1
2866	3181	1
1744	1014	1
1744	1059	1
1744	1378	1
1745	1269	1
653	225	1
2868	2466	1
1749	1235	1
1751	2106	1
2872	2384	1
2874	2972	1
2874	3105	1
1752	1628	1
1752	1949	1
1753	1628	1
1753	1635	1
1753	1949	1
654	202	1
654	214	1
654	240	1
654	255	1
654	860	1
655	508	1
655	1007	1
1754	1641	1
2875	2914	1
1755	1835	1
1755	1836	1
1755	1837	1
1756	1784	1
1756	1785	1
2877	2319	1
2877	2561	1
2878	2319	1
2878	2561	1
2878	3046	1
2878	3201	1
2878	3278	1
656	166	1
657	656	1
657	935	1
1759	1486	1
1759	1561	1
1759	1946	1
1759	1947	1
2881	3135	1
1760	1854	1
1760	1953	1
658	82	1
2883	2421	1
2884	2884	1
1762	1911	1
659	70	1
659	208	1
659	211	1
659	241	1
659	330	1
659	495	1
659	570	1
659	660	1
659	722	1
659	750	1
659	877	1
659	979	1
659	980	1
659	986	1
659	1003	1
659	1009	1
660	40	1
660	875	1
660	986	1
2885	2885	1
661	36	1
661	63	1
661	97	1
661	191	1
661	203	1
661	313	1
661	314	1
661	328	1
661	603	1
661	617	1
661	674	1
661	726	1
661	735	1
661	835	1
661	836	1
661	852	1
661	877	1
661	908	1
661	948	1
662	877	1
663	6	1
663	17	1
663	20	1
663	643	1
663	657	1
663	831	1
663	858	1
1764	1811	1
664	502	1
1766	1282	1
2886	2888	1
2887	2424	1
2887	2886	1
665	727	1
665	728	1
1767	1099	1
1768	1099	1
1768	1767	1
666	667	1
668	251	1
668	802	1
669	251	1
2890	2918	1
2891	2253	1
2892	2300	1
670	205	1
2894	2266	1
2894	556	1
2894	3048	1
1769	1107	1
1769	1174	1
2895	653	1
2896	2897	1
2897	2895	1
672	2420	1
672	2437	1
672	215	1
2898	2362	1
2901	3279	1
1770	1298	1
1770	1771	1
1770	2123	1
1771	1770	1
1771	2123	1
1772	1217	1
1772	2009	1
1772	2092	1
673	376	1
673	377	1
673	711	1
673	762	1
673	802	1
673	839	1
2902	2541	1
674	72	1
674	76	1
676	2985	1
1775	1776	1
1776	1107	1
1776	1174	1
1776	1404	1
677	1394	1
677	1747	1
677	678	1
677	1984	1
677	867	1
677	868	1
678	44	1
678	379	1
678	1747	1
678	1984	1
678	867	1
2906	2484	1
679	680	1
681	219	1
681	2461	1
681	231	1
681	248	1
2910	2451	1
682	91	1
682	210	1
682	239	1
682	569	1
1778	1778	1
2912	2453	1
684	216	1
1779	1523	1
685	322	1
685	592	1
685	665	1
685	686	1
685	687	1
685	697	1
685	845	1
1780	1288	1
2916	2576	1
2916	1889	1
2917	2301	1
688	180	1
688	841	1
689	573	1
1781	1774	1
691	134	1
691	250	1
691	499	1
691	511	1
691	519	1
691	651	1
691	690	1
691	898	1
691	935	1
691	1009	1
1782	1576	1
1783	1471	1
693	400	1
693	401	1
693	404	1
693	405	1
1786	1784	1
2919	2638	1
2920	2920	1
2921	2922	1
695	1301	1
695	1960	1
2923	95	1
2923	2692	1
2923	2924	1
1787	1052	1
1787	1254	1
1787	1288	1
1787	1654	1
1787	1780	1
1787	1789	1
2925	2925	1
1788	1239	1
1789	2363	1
2926	3249	1
2927	2363	1
1791	1476	1
2928	2822	1
1792	1794	1
1793	1777	1
1794	1487	1
1794	1793	1
696	614	1
697	224	1
698	85	1
698	95	1
698	180	1
698	303	1
698	456	1
698	481	1
698	549	1
698	571	1
698	572	1
698	574	1
698	575	1
698	619	1
698	668	1
698	694	1
698	697	1
698	700	1
698	701	1
698	805	1
698	904	1
699	22	1
699	34	1
699	54	1
699	85	1
699	98	1
699	105	1
699	106	1
699	153	1
699	155	1
699	156	1
699	251	1
699	310	1
699	366	1
699	516	1
699	575	1
699	619	1
699	668	1
699	669	1
699	697	1
699	700	1
699	701	1
699	714	1
699	746	1
699	748	1
699	755	1
699	842	1
699	906	1
699	987	1
699	999	1
699	1000	1
700	366	1
700	619	1
700	697	1
701	668	1
2929	2867	1
1795	1164	1
2930	2419	1
2930	2471	1
2930	2980	1
1796	1326	1
2931	2492	1
2931	2497	1
2932	2862	1
1797	1727	1
704	143	1
704	239	1
704	563	1
704	751	1
704	752	1
705	1420	1
705	432	1
2934	2308	1
2934	3270	1
2934	3271	1
1798	2108	1
707	708	1
708	223	1
2935	2180	1
709	707	1
709	708	1
2936	2869	1
1799	1540	1
1799	1807	1
1799	2044	1
1801	1531	1
1801	2024	1
2937	2659	1
2937	2938	1
1803	1222	1
1804	1334	1
1804	1699	1
1806	1186	1
1806	1805	1
2940	3076	1
2941	2389	1
2942	2915	1
2943	2482	1
1808	1808	1
2945	2355	1
712	935	1
2946	2789	1
1809	1974	1
2947	2876	1
2948	1173	1
1810	1315	1
2949	2949	1
2953	2950	1
2953	2956	1
2955	2251	1
2955	1173	1
2955	2332	1
2955	2503	1
2955	2760	1
2955	2948	1
2955	2952	1
2955	2954	1
2955	1813	1
2955	2958	1
2955	3173	1
714	28	1
714	54	1
714	67	1
714	105	1
714	106	1
714	153	1
714	956	1
714	987	1
714	999	1
714	1000	1
1812	1173	1
1812	1813	1
1812	2152	1
2956	2950	1
2957	1813	1
2957	2959	1
2960	2404	1
715	135	1
715	610	1
716	2381	1
716	135	1
716	2961	1
717	180	1
1815	1992	1
2962	2962	1
718	877	1
2963	2834	1
719	347	1
1816	1727	1
1817	1623	1
722	721	1
2967	2966	1
1818	1210	1
1818	1256	1
1819	2048	1
1820	1259	1
1820	1270	1
1820	1617	1
1820	1669	1
2969	2292	1
2969	1897	1
725	2400	1
2971	2417	1
1822	1130	1
1823	1651	1
2973	2973	1
2974	3077	1
1827	2072	1
2975	3118	1
2976	2399	1
2976	3303	1
2977	2824	1
727	728	1
2978	2978	1
1831	1336	1
1831	1554	1
2979	2599	1
729	730	1
729	1009	1
730	320	1
731	139	1
731	166	1
731	907	1
731	979	1
1832	1833	1
1833	1656	1
1833	2154	1
2981	2452	1
2981	2549	1
2982	2707	1
2983	2454	1
2983	2984	1
2983	2986	1
2984	2454	1
2985	2454	1
2985	2984	1
2985	2986	1
734	733	1
734	751	1
735	77	1
735	813	1
1834	1837	1
1835	1836	1
1838	1834	1
1838	1836	1
1838	1837	1
1839	1325	1
736	320	1
737	320	1
737	729	1
737	730	1
737	736	1
738	2665	1
738	789	1
739	235	1
739	464	1
739	588	1
739	592	1
739	738	1
741	1009	1
2987	530	1
2987	2730	1
1841	1183	1
1842	1139	1
1842	1738	1
1843	1738	1
2989	2988	1
2990	2990	1
2991	2991	1
742	475	1
1847	1790	1
1848	1205	1
1848	1216	1
1848	1849	1
1850	1212	1
1850	1281	1
1850	1937	1
1850	1951	1
1850	1998	1
1850	1999	1
743	979	1
2993	3311	1
1851	1633	1
1851	1801	1
1851	2995	1
1851	3009	1
1851	2168	1
2995	2765	1
1852	1257	1
1852	1295	1
1852	1340	1
2996	2331	1
2996	2543	1
2996	2544	1
2996	2997	1
2996	3233	1
1853	1582	1
2998	3109	1
745	251	1
745	356	1
745	438	1
745	516	1
745	746	1
745	804	1
745	805	1
745	910	1
745	911	1
747	51	1
747	355	1
747	356	1
747	481	1
747	504	1
747	516	1
747	746	1
747	804	1
747	805	1
747	910	1
747	911	1
3001	3307	1
748	28	1
748	48	1
748	54	1
748	67	1
748	105	1
748	106	1
748	153	1
748	1761	1
748	697	1
748	714	1
748	956	1
748	987	1
748	998	1
748	999	1
748	1000	1
3002	2527	1
749	634	1
3003	3003	1
3006	3005	1
3007	2272	1
3008	3009	1
3010	3011	1
1856	1868	1
3012	2418	1
1857	1126	1
1857	1193	1
1857	577	1
1857	1858	1
1857	1859	1
1857	1966	1
1858	3013	1
1858	3274	1
1859	404	1
1859	3274	1
3014	3015	1
3016	2238	1
3016	3017	1
750	712	1
751	752	1
3019	2867	1
1860	1132	1
1860	1236	1
1860	1242	1
1860	1668	1
3020	2531	1
3020	2532	1
3020	2533	1
3020	936	1
753	160	1
753	195	1
753	227	1
753	559	1
753	579	1
753	628	1
753	695	1
753	811	1
753	874	1
1861	1266	1
3021	1529	1
3021	2166	1
754	802	1
3022	2224	1
3022	2780	1
1862	1430	1
1863	1336	1
1863	1489	1
1864	1095	1
1864	1123	1
1864	1552	1
3027	3026	1
756	334	1
756	389	1
1865	1271	1
1866	1141	1
1866	1246	1
1866	2167	1
1867	1866	1
3028	2460	1
3028	779	1
3028	828	1
3028	3162	1
3029	2277	1
3029	3029	1
3030	2304	1
3030	3030	1
757	758	1
758	193	1
758	758	1
759	193	1
759	720	1
760	193	1
3031	2402	1
3031	2432	1
763	50	1
763	93	1
763	374	1
763	427	1
763	800	1
763	805	1
763	825	1
764	723	1
1869	1873	1
1870	1178	1
1870	1337	1
1870	1944	1
1870	1945	1
1873	1663	1
3032	2477	1
765	363	1
766	668	1
767	467	1
767	473	1
767	494	1
3033	2540	1
1875	1616	1
1875	1988	1
3035	2246	1
3035	3034	1
3036	2501	1
1876	686	1
1876	687	1
768	665	1
768	727	1
768	728	1
768	1876	1
769	1231	1
769	1234	1
769	1273	1
769	2686	1
769	538	1
769	685	1
769	686	1
769	687	1
769	796	1
769	2157	1
3037	1829	1
1877	1502	1
1877	1575	1
1878	1096	1
1878	1265	1
1878	1465	1
1878	1603	1
1878	1684	1
1878	2072	1
3039	3073	1
1879	2012	1
3040	770	1
3041	2415	1
3041	770	1
770	771	1
772	355	1
772	516	1
772	706	1
772	746	1
772	804	1
772	896	1
772	911	1
773	356	1
773	451	1
773	706	1
773	773	1
1880	1257	1
1882	2101	1
1883	1885	1
1884	1885	1
776	883	1
1886	1097	1
1886	1944	1
1888	1887	1
3042	2539	1
1889	1344	1
1890	1253	1
3043	2419	1
3043	185	1
3043	2641	1
3043	2909	1
3043	2980	1
3043	3111	1
3043	3117	1
3044	2216	1
1891	1236	1
1891	1439	1
1892	1274	1
1892	1296	1
3045	3038	1
3046	638	1
3046	3201	1
1893	1894	1
1894	1893	1
1895	779	1
1895	1991	1
780	88	1
780	1203	1
780	1239	1
780	1282	1
780	262	1
780	267	1
780	272	1
780	1650	1
780	1664	1
780	1788	1
780	732	1
780	1895	1
780	1921	1
780	1991	1
780	2064	1
780	2149	1
780	1006	1
3047	2735	1
781	2585	1
781	858	1
782	162	1
782	2639	1
782	2640	1
782	754	1
783	290	1
3048	2290	1
787	722	1
3050	3049	1
1896	1176	1
1896	1393	1
1896	1607	1
1896	2051	1
1898	1899	1
3051	2234	1
3051	2270	1
3051	2510	1
3051	3052	1
3051	3054	1
3052	2234	1
3052	2510	1
3052	3053	1
788	89	1
788	319	1
788	546	1
788	579	1
788	875	1
788	935	1
1900	1221	1
1900	1811	1
3056	3055	1
3057	3033	1
1901	1300	1
3058	3231	1
1902	1286	1
1902	1302	1
791	188	1
792	29	1
792	793	1
792	859	1
1903	1624	1
1903	1965	1
1903	2032	1
1903	2033	1
793	740	1
793	793	1
793	818	1
793	859	1
3061	3060	1
3061	3062	1
1905	1027	1
1905	1360	1
3064	2637	1
3065	3066	1
3067	3065	1
3067	3066	1
3068	3069	1
3071	2269	1
3072	3071	1
1906	2826	1
1906	3123	1
1906	2048	1
794	240	1
795	91	1
795	2382	1
795	1794	1
795	1811	1
1908	1166	1
1908	1689	1
1908	2176	1
798	713	1
799	167	1
799	332	1
799	365	1
799	390	1
799	391	1
799	639	1
799	640	1
799	701	1
799	707	1
799	708	1
799	777	1
799	803	1
800	93	1
801	754	1
801	802	1
3075	2449	1
804	746	1
804	911	1
805	516	1
805	746	1
805	804	1
806	247	1
806	2767	1
809	136	1
809	807	1
809	808	1
1910	1911	1
1911	1248	1
810	246	1
1912	1083	1
1912	1150	1
3078	2744	1
3080	2665	1
3080	3079	1
3081	3082	1
3083	3084	1
3084	3081	1
3084	3082	1
3085	2210	1
3085	2275	1
3085	2647	1
3085	993	1
1913	2143	1
1914	1914	1
1915	1790	1
3086	3086	1
3087	3109	1
814	35	1
814	121	1
814	136	1
814	188	1
814	519	1
814	723	1
814	786	1
814	807	1
814	808	1
814	816	1
814	866	1
814	884	1
816	121	1
816	723	1
816	866	1
817	171	1
817	1002	1
1916	1422	1
1916	1572	1
1916	1705	1
1916	853	1
3089	2712	1
3090	3196	1
1918	1188	1
1918	1276	1
1918	1298	1
1918	1308	1
1918	1739	1
1918	1811	1
1918	1853	1
1918	1917	1
1918	2023	1
1918	2094	1
1918	2095	1
1918	2114	1
1918	2148	1
1918	2151	1
1918	2159	1
1918	2175	1
819	634	1
3091	3091	1
1919	1721	1
1919	1873	1
1919	1920	1
1920	1111	1
1920	1663	1
1920	1855	1
1922	1901	1
1924	1275	1
1924	1404	1
1924	1911	1
3095	3096	1
3095	3097	1
3095	3182	1
3096	3097	1
3096	3182	1
3099	2675	1
3099	3098	1
1925	2075	1
821	3013	1
822	125	1
822	144	1
822	145	1
822	146	1
822	242	1
822	281	1
822	360	1
822	412	1
822	417	1
822	418	1
822	472	1
822	473	1
822	767	1
822	810	1
822	879	1
1926	1344	1
3100	3101	1
3102	3101	1
3103	3104	1
3103	3274	1
824	970	1
1927	1784	1
1927	1785	1
1927	1790	1
1928	1784	1
1928	1785	1
1928	1790	1
1928	1927	1
1928	2022	1
3106	2428	1
3107	2441	1
3107	2699	1
3107	2840	1
825	321	1
3108	2516	1
3108	2517	1
1929	1698	1
1929	2078	1
828	2460	1
828	1326	1
1930	1487	1
3110	2555	1
830	176	1
831	834	1
831	886	1
832	17	1
834	964	1
1931	2420	1
836	837	1
837	835	1
838	108	1
838	173	1
838	201	1
838	383	1
838	384	1
1935	1567	1
1935	1576	1
1935	1782	1
1935	1936	1
1937	1212	1
1938	1019	1
1940	1918	1
3114	2239	1
1941	1030	1
1941	1244	1
842	180	1
842	842	1
842	896	1
1942	1050	1
1944	1178	1
1944	1945	1
846	170	1
846	287	1
846	604	1
846	848	1
846	850	1
847	18	1
847	40	1
847	43	1
847	46	1
847	49	1
847	59	1
847	81	1
847	138	1
847	181	1
847	186	1
847	187	1
847	191	1
847	202	1
847	242	1
847	307	1
847	394	1
847	409	1
847	435	1
847	436	1
847	484	1
847	506	1
847	509	1
847	519	1
847	520	1
847	526	1
847	527	1
847	529	1
847	542	1
847	583	1
847	593	1
847	594	1
847	595	1
847	712	1
847	723	1
847	729	1
847	730	1
847	741	1
847	760	1
847	761	1
847	775	1
847	785	1
847	788	1
847	814	1
847	816	1
847	826	1
847	843	1
847	966	1
847	980	1
847	983	1
847	984	1
847	996	1
848	109	1
848	348	1
848	509	1
848	515	1
848	814	1
848	816	1
848	980	1
848	983	1
848	984	1
848	985	1
849	40	1
849	607	1
850	313	1
850	604	1
1946	1759	1
1948	1825	1
1949	1628	1
1949	1948	1
851	2336	1
851	2756	1
851	543	1
3119	2336	1
3119	2756	1
1952	1112	1
1952	1952	1
852	565	1
1956	251	1
3121	3122	1
3122	194	1
3123	1698	1
3123	2826	1
853	1252	1
853	753	1
853	3296	1
854	854	1
1957	1026	1
1957	1409	1
855	2282	1
855	2441	1
855	432	1
855	2699	1
855	1675	1
855	704	1
855	733	1
855	3107	1
855	3124	1
3124	2260	1
3124	2337	1
3124	2646	1
3124	1849	1
3125	2310	1
3125	2390	1
3125	2483	1
3125	2485	1
3125	2534	1
3126	3126	1
856	877	1
857	345	1
857	775	1
3131	3130	1
1959	1673	1
1959	1958	1
3133	2413	1
3134	3133	1
1966	1548	1
1966	2112	1
3136	3137	1
1967	1013	1
1967	1725	1
1967	1967	1
1968	474	1
3138	2549	1
860	214	1
860	861	1
862	1129	1
862	90	1
862	1212	1
862	474	1
862	534	1
862	732	1
862	1850	1
862	1937	1
862	1968	1
862	1969	1
862	862	1
1970	1398	1
1970	1399	1
1970	1400	1
1970	1971	1
1971	1398	1
1971	1400	1
863	165	1
863	857	1
863	864	1
863	865	1
865	1216	1
865	1240	1
865	1933	1
3140	2371	1
1972	1091	1
1972	1609	1
1972	1643	1
1972	1964	1
1972	1968	1
1972	2160	1
1975	1156	1
1975	1973	1
1976	1999	1
1977	1327	1
1977	1974	1
1977	2026	1
1978	1449	1
1979	1514	1
1979	1978	1
1979	2149	1
3141	2673	1
1980	1285	1
1980	2032	1
1980	2033	1
1980	2112	1
866	121	1
866	569	1
1984	1747	1
867	1747	1
867	868	1
868	632	1
3142	2769	1
1985	1071	1
1985	1350	1
1985	1584	1
1985	1734	1
1986	1747	1
3143	2964	1
1988	1987	1
3144	2283	1
3146	3150	1
3146	3295	1
3147	3146	1
3147	3149	1
3147	3150	1
3148	3146	1
3149	3146	1
3149	3150	1
3150	3146	1
3150	3149	1
3151	2219	1
3151	3146	1
3151	962	1
1989	1241	1
1989	1514	1
1989	2149	1
3152	3152	1
872	213	1
872	778	1
873	576	1
1990	1311	1
1990	762	1
1991	1921	1
3153	2460	1
3154	2459	1
874	2429	1
3155	2429	1
3155	874	1
3156	3159	1
1994	1214	1
1994	1819	1
3157	2313	1
1995	1997	1
1996	1179	1
1997	1179	1
1997	1996	1
3161	2295	1
876	65	1
876	1247	1
876	2400	1
876	2401	1
876	1489	1
876	2638	1
876	1724	1
876	725	1
876	732	1
876	2104	1
876	992	1
876	3303	1
877	718	1
1998	1281	1
1999	1281	1
3162	2460	1
878	269	1
2000	1845	1
2002	1452	1
2002	1954	1
2002	1955	1
2003	1487	1
2003	2002	1
2004	1214	1
2004	1461	1
2004	1571	1
2005	1332	1
880	645	1
880	774	1
2006	1214	1
2006	1258	1
2006	1422	1
2006	1571	1
2006	2005	1
2006	2109	1
2006	2110	1
2006	2112	1
3164	2340	1
2007	1034	1
2008	1341	1
2009	1224	1
3165	2437	1
882	779	1
2010	2010	1
2010	2011	1
2010	2012	1
2011	2012	1
3167	2334	1
3167	2444	1
3167	3168	1
3168	2444	1
3169	3014	1
3169	3015	1
2014	1033	1
2014	1759	1
2014	2015	1
2015	2014	1
2016	2017	1
3170	2869	1
2018	1295	1
886	1010	1
3171	2223	1
3172	2403	1
3172	3304	1
2019	1398	1
2019	1400	1
887	1281	1
887	262	1
887	2728	1
887	686	1
887	687	1
887	697	1
887	779	1
887	1951	1
887	1998	1
887	1999	1
2021	2079	1
3173	2251	1
888	357	1
2022	1402	1
2022	1784	1
2022	1790	1
2022	1927	1
2022	2022	1
889	890	1
891	428	1
891	2728	1
891	924	1
3174	2728	1
3175	2324	1
3175	3074	1
892	500	1
892	703	1
893	703	1
894	73	1
3176	2343	1
2025	1235	1
3177	3178	1
3178	2428	1
3179	3179	1
897	557	1
897	3093	1
898	197	1
2027	1065	1
2027	1093	1
2030	2090	1
2031	1238	1
2031	946	1
2033	2032	1
2034	1289	1
2034	1776	1
2034	1981	1
900	810	1
2039	2038	1
3183	401	1
3183	404	1
3183	3184	1
3185	402	1
3185	2864	1
901	555	1
901	902	1
902	555	1
2040	2028	1
2040	2029	1
903	685	1
3186	2381	1
3186	2961	1
2042	1283	1
3188	2247	1
3188	3189	1
3189	2247	1
3189	2366	1
3190	2240	1
3190	3116	1
905	2278	1
905	88	1
905	1231	1
905	1234	1
905	2669	1
905	2670	1
905	2686	1
905	2728	1
905	673	1
905	685	1
905	686	1
905	687	1
905	697	1
905	732	1
905	768	1
905	3040	1
905	3041	1
905	802	1
905	1969	1
905	3191	1
905	2081	1
905	2161	1
908	852	1
3193	2294	1
909	446	1
912	826	1
3195	2349	1
3195	2746	1
2046	1133	1
2046	2047	1
2048	1777	1
2048	1846	1
2049	1151	1
2049	1252	1
2049	1308	1
2049	1703	1
2049	1845	1
2049	1846	1
2049	1964	1
2049	2001	1
2049	2032	1
2049	2033	1
2049	2048	1
2049	2049	1
2049	2050	1
2049	2075	1
2049	2175	1
2050	1285	1
2050	1332	1
2050	1423	1
2050	1542	1
2050	1648	1
2050	853	1
2050	1980	1
2050	2006	1
2050	2032	1
2050	2033	1
2050	2112	1
3197	3197	1
3198	3199	1
3199	3199	1
2052	1463	1
2052	1490	1
2052	1590	1
2052	2025	1
2052	2072	1
3202	2468	1
3202	2540	1
3202	3033	1
3202	3203	1
3204	2468	1
916	5	1
916	36	1
916	63	1
916	77	1
916	274	1
916	329	1
916	400	1
916	595	1
916	617	1
916	661	1
916	813	1
2053	1273	1
2054	2072	1
2055	2054	1
2055	2056	1
2056	1341	1
917	112	1
917	149	1
917	150	1
917	325	1
917	326	1
917	327	1
3207	2257	1
3207	3207	1
3208	2791	1
3209	2393	1
3210	2970	1
2060	1201	1
3212	2208	1
3212	3213	1
3212	3216	1
3213	3211	1
3215	2287	1
3218	2433	1
919	764	1
919	1010	1
3220	2972	1
3220	3105	1
2063	1048	1
2064	1921	1
2064	2065	1
2066	1788	1
2067	2067	1
2068	1345	1
2069	2068	1
922	896	1
924	222	1
925	431	1
925	868	1
2076	1245	1
2077	2175	1
926	244	1
926	253	1
926	259	1
926	483	1
926	918	1
926	927	1
927	147	1
927	456	1
928	651	1
3225	2968	1
2080	1300	1
2080	1333	1
2080	1704	1
2080	1705	1
2080	1926	1
2080	1954	1
930	939	1
2081	1305	1
2081	665	1
2081	1876	1
2081	2161	1
2082	2082	1
2083	1328	1
2083	1356	1
2083	1369	1
2083	1637	1
2083	2082	1
3226	3227	1
3227	2346	1
2084	2104	1
2085	2087	1
2087	2086	1
2088	1372	1
2089	2087	1
2091	2064	1
3228	2456	1
3228	2624	1
3228	2037	1
3228	3228	1
3229	3230	1
3232	3233	1
3234	3205	1
932	202	1
932	240	1
932	386	1
932	654	1
932	869	1
2098	1276	1
2098	2071	1
933	202	1
933	247	1
933	970	1
934	680	1
3235	2214	1
3235	2845	1
3236	2480	1
2100	2102	1
2101	2102	1
3237	3238	1
936	937	1
937	877	1
3239	2772	1
2105	1100	1
2105	1144	1
2105	311	1
2105	1579	1
2105	1723	1
2105	3044	1
3240	2435	1
3240	2443	1
3240	2883	1
3240	3222	1
2106	1751	1
3241	3242	1
938	394	1
938	506	1
938	939	1
940	393	1
940	394	1
940	938	1
940	939	1
941	938	1
942	730	1
2107	2108	1
2109	2110	1
2110	2005	1
2110	2112	1
2111	2112	1
2112	1332	1
943	944	1
944	258	1
946	1238	1
946	706	1
947	974	1
3244	2438	1
3244	2667	1
3246	3245	1
948	328	1
2118	774	1
2118	2024	1
3250	3251	1
951	277	1
951	399	1
2119	1536	1
2121	1299	1
2121	1964	1
3253	3252	1
3254	2297	1
953	415	1
953	684	1
954	379	1
954	737	1
3256	2653	1
3257	2414	1
956	54	1
956	633	1
956	1894	1
3258	341	1
958	844	1
959	959	1
3259	2477	1
3260	3261	1
3260	3263	1
2126	2062	1
2126	2127	1
3261	3263	1
960	2415	1
960	711	1
3262	2629	1
3262	1651	1
3262	1823	1
961	1488	1
961	635	1
3265	3000	1
3267	185	1
3267	3266	1
3268	3266	1
3269	2230	1
3270	2308	1
2128	1244	1
3272	2767	1
2130	2129	1
2130	963	1
2131	2129	1
963	212	1
963	2129	1
966	186	1
3273	2237	1
3273	446	1
3274	2351	1
3274	3013	1
3275	2410	1
2135	1053	1
2135	1194	1
2135	1680	1
2135	2141	1
2136	1394	1
2136	1747	1
2137	1069	1
2137	1211	1
2137	2147	1
3276	2450	1
3277	2771	1
2139	1255	1
2139	1498	1
2139	1828	1
968	727	1
968	969	1
969	1707	1
969	684	1
3278	2701	1
972	55	1
972	3279	1
972	971	1
3280	2330	1
3281	3222	1
2142	2143	1
2142	2144	1
3283	3284	1
973	196	1
2145	1805	1
2145	2054	1
2146	2162	1
976	355	1
976	516	1
977	355	1
977	516	1
3285	2365	1
3286	2379	1
3286	2437	1
3286	2703	1
3286	2721	1
3286	2864	1
3288	3287	1
978	1549	1
978	917	1
3289	3248	1
979	237	1
979	242	1
979	493	1
979	750	1
979	885	1
979	935	1
979	980	1
980	160	1
980	990	1
981	982	1
982	622	1
3290	2334	1
3290	2444	1
3290	3167	1
3290	3168	1
985	350	1
985	515	1
985	629	1
985	917	1
986	61	1
986	84	1
986	226	1
986	495	1
986	548	1
986	642	1
986	651	1
986	750	1
986	875	1
986	935	1
986	943	1
986	959	1
986	980	1
986	995	1
3291	2318	1
2148	1203	1
2148	2150	1
2149	1921	1
2151	1432	1
2151	1433	1
987	176	1
987	180	1
3292	3292	1
2153	1800	1
2155	1611	1
989	990	1
991	74	1
2156	1072	1
992	65	1
992	725	1
2157	1231	1
3293	2624	1
2159	2175	1
993	605	1
993	1721	1
993	3085	1
2160	1968	1
2161	1921	1
3294	2495	1
994	752	1
994	990	1
995	935	1
996	751	1
996	752	1
996	994	1
3297	2685	1
3297	2879	1
2164	2163	1
998	54	1
998	67	1
998	105	1
998	106	1
998	176	1
998	998	1
998	1000	1
999	28	1
999	54	1
999	67	1
999	105	1
999	106	1
999	714	1
999	956	1
999	987	1
999	998	1
999	1000	1
1000	67	1
1000	956	1
1000	998	1
1000	1000	1
3298	2743	1
1001	7	1
1001	377	1
1001	762	1
1003	247	1
1003	494	1
1004	7	1
1004	2316	1
1004	122	1
1004	1336	1
1004	355	1
1004	365	1
1004	481	1
1004	501	1
1004	502	1
1004	516	1
1004	1597	1
1004	619	1
1004	802	1
1004	901	1
1004	920	1
1005	51	1
1005	1197	1
1005	1336	1
1005	481	1
1005	1586	1
1005	2860	1
1005	680	1
1005	920	1
1006	779	1
2166	1170	1
3303	2399	1
3305	1529	1
3305	2654	1
3305	2166	1
2168	1801	1
2168	2168	1
3306	3302	1
2169	1133	1
2169	1170	1
2169	1529	1
2169	2166	1
3308	3309	1
2171	2172	1
2174	1385	1
2174	2173	1
1008	455	1
2175	2122	1
